1447,827,7
1448,827,7
1441,832,7
1447,869,7
1433,866,8
1474,861,7
1552,800,7
1540,795,7
1540,789,7
1535,783,7
1597,705,7
1590,711,7
1604,713,7
1341,674,10-Level 60
1467,662,13-Level 100
1467,658,13-Key 6010
1470,695,13-Level 100
1472,695,13
1422,841,7
1426,846,7
1422,846,6
1470,813,7
1473,814,4
1472,841,4
1487,1436,7
1486,1436,7
1486,1430,7
1487,1430,7
1480,1422,7
1477,1424,7
1478,1430,7
1477,1418,7
1492,1422,7
1495,1423,7
1495,1418,7
1495,1420,5
1492,1417,5
1521,1302,7-Level 40
1462,1480,7
1461,1479,7
1461,1481,7
1460,1483,7
1460,1477,7
1460,1493,7
830,1778,6
833,1778,6
834,1781,6
833,1779,8
925,1761,7
927,1758,7
921,1758,6
1235,1111,5
1209,1133,7
1210,1132,5
1208,1130,5
1211,1133,5
591,1236,7
592,1236,7
586,1232,7
589,1230,8
589,1231,8
615,1242,7
616,1242,7
621,1232,7
613,1230,7
614,1223,7
646,1241,7
656,1241,7
661,1241,7
659,1228,7
659,1227,7
655,1225,7
656,1225,7
656,1225,7
651,1254,7
651,1256,7
644,1262,7
642,1267,8
644,1262,6
591,1269,7
584,1264,7
590,1258,7
573,1284,7
573,1282,6
575,1287,6
563,1286,7
555,1290,7
614,1196,7
612,1206,9
602,1215,9
631,834,7
627,830,7
627,829,7
621,821,7
628,811,7
629,811,7
584,815,7
594,822,7
594,827,7
594,836,7
578,828,7
579,778,7
742,657,10-Level 30
739,654,10-Level 30
735,658,10-Level 30
739,659,10-Level 30
930,724,7
942,696,9
932,695,10-Key 3012
931,673,10-Key 3012
579,138,7
541,155,7
489,122,7
489,123,7
489,124,7
483,90,7
483,83,7
570,159,7
1899,982,7
1896,969,7
1903,971,7
1911,971,7
1886,971,7
1880,971,7
1874,985,7
1880,981,7
1887,996,7
1879,994,7
1870,989,7
1860,989,7
1860,981,7
1864,975,7
1869,973,7
1867,913,6
1876,909,6
1875,909,6
1888,909,6
1889,909,6
1918,913,5
1919,913,5
1920,913,5
1890,987,7
604,1211,7
605,1211,7
602,1209,7
569,1204,7
570,1204,7
572,1197,7
570,1199,7
564,1204,7
563,1207,7
564,1207,7
566,1211,7
566,1212,7
560,1215,7
564,1204,6
563,1203,5
611,1166,9
684,1130,15
683,1130,15
693,1139,15
693,1140,15
684,1147,15
683,1147,15
689,1161,14
680,1170,14
680,1169,15-Level 30
656,1141,15
649,1160,14-Key 3620
800,1203,14-Level 40
834,1221,15-Key 3666
535,1079,7
539,1081,7
523,1075,7
522,1066,7
510,1078,7
564,1878,7
557,1878,7
559,1881,7
613,1834,7
618,1833,7
585,1802,6
587,1802,6
584,1791,5
589,1791,5
587,1801,5
585,1801,5
516,1815,7
536,1849,7
534,1846,7
536,1843,7
535,1844,6
536,1847,6
526,1868,7
522,1865,7
655,1846,4
653,1842,4
652,1851,4
655,1849,3
653,1848,3
650,1851,3
652,1842,3
652,1839,3
658,1835,3
665,1855,4
669,1850,4
647,1860,2
665,1854,5
667,1850,5
661,1848,5
655,1848,5
602,1628,7
604,1612,7
586,1600,7
580,1611,7
617,1576,7
1057,252,7
1058,252,7
1059,244,7
1057,244,7
1564,990,7
1557,1000,7
1543,1034,7
1583,1018,7
1578,1016,7
858,999,14
858,990,14
858,986,14
858,982,14
884,948,5
884,941,5
856,950,6
854,963,3
855,963,3
849,952,3
880,953,3
881,941,3
892,935,3
892,931,3
895,930,3
901,930,3
1043,848,7
1044,848,7
1144,796,6
1144,797,6
1150,797,6
1150,796,6
1237,784,9-Level 40
1169,775,7
1171,775,7
1166,778,7
1167,778,7
1158,776,7
1157,776,7
1148,785,7
1148,786,7
1184,775,7
1184,776,7
1190,775,7
1206,775,7
1206,776,7
1215,772,7
1216,772,7
1221,774,7
1221,776,7
1227,777,7
1235,777,7
1237,766,7
1230,764,7
1226,762,7
1224,762,7
1220,764,7
1226,750,7
1222,752,7
1230,744,7
1234,742,7
1231,748,6
1231,750,6
1224,747,6
1222,754,6
1233,744,6
1231,744,5
1229,747,5
1231,750,5
1230,754,5
1224,754,5
1222,750,5
1225,745,4
1227,747,4
1222,751,4
1232,751,4
1225,748,3
1227,750,3
1232,746,2
1215,752,7
1230,764,7
1213,778,7
1216,780,7
1218,780,7
1208,786,7
1209,787,7
1209,788,7
1205,789,7
936,831,7
935,831,7
913,989,8
878,1010,8
1075,982,8
1080,993,8-Key 5010
1205,1276,8
1195,1272,8
1201,1268,8
468,84,5
1288,1422,11-Level 60
1293,1422,11-Level 60
1306,1646,6-Level 30
1306,1647,6-Level 30
1303,1650,6-Green Djinn
1290,1644,6-Blue Djinn
1293,1646,6
1359,1561,6-Level 30
1358,1561,6-Level 30
1362,1556,6-Blue Djinn
1409,1871,7
1409,1872,7
1405,1868,7
1408,1868,7
1414,1861,7
1412,1862,7
1409,1861,7
1407,1868,6
1404,1872,6
1409,1872,6
1412,1868,6
1412,1863,6
1409,1860,6
1404,1860,6
1402,1863,6
1402,1868,6
1404,1893,8
1401,1892,7
627,829,7
627,830,7
631,834,7
628,811,7
629,811,7
620,806,6
389,686,7
397,685,7
398,685,7
398,682,6
444,663,7
443,652,7
444,652,7
444,659,6
444,652,6
443,652,8
444,652,8
396,698,7
397,694,6
742,647,7
757,644,7
756,646,6
747,635,7
1293,562,10
1288,554,10
1286,541,10
1266,561,10
1264,516,10
1264,515,10
1268,512,10
1269,512,10
1303,558,10
1309,558,10
1316,553,10
1317,553,10
1318,553,10
823,993,3-Level 30
892,908,7
894,907,2
960,848,12
544,1279,7
420,1455,7
417,1458,7
418,1464,7
416,1456,6
418,1461,6
447,1463,7
446,1455,7
446,1456,8-Key 3940
446,1456,9
450,1456,9
451,1452,9
450,1447,9
440,1452,9
442,1456,9
428,1424,7
519,1408,7
519,1409,7
518,1405,7
517,1405,7
602,1209,7
604,1211,7
605,1211,7
1125,129,7-Blue Djinn
1081,117,7-Level 30
1075,108,8-Level 40
1075,109,8-Level 40
1078,136,7-Green Djinn
969,301,7
917,1140,8
911,1227,7
903,1234,7
929,1124,8-Level 20
